Data avaiable from 1996 133.4583 to 2017 144.4580
1 Station Number A 01 .. 18
2 Year B 1995 - 1999
3 Julian Decimal Time C 0.0000 - 365.9583
4 SW_down [W m-2]
5 SW_up [W m-2]
6 Net Radiation F [W m-2]
7 TC Air 1 G Air Temperature [degC]
8 TC Air 2 H Air Temperature [degC]
9 CS500 T Air 1 I Air Temperature [degC]
10 CS500 T Air 2 J Air Temperature [degC]
11 RH 1 K Relative Humidity [%] **
12 RH 2 L Relative Humidity [%] **
13 U1 M Wind Speed [m/s]
14 U2 N Wind Speed [m/s]
15 U Dir 1 O [deg]
16 U Dir 2 P [deg]
17 Atmos Pressure Q [mbar]
18 Snow Height 1 R [m]
19 Snow Height 2 S [m]
20 T Snow 1 T [degC]
21 T Snow 2 U [degC]
22 T Snow 3 V [degC]
23 T Snow 4 W [degC]
24 T Snow 5 X [degC]
25 T Snow 6 Y [degC]
26 T Snow 7 Z [degC]
27 T Snow 8 AA [degC]
28 T Snow 9 AB [degC]
29 T Snow 10 AC [degC]
30 Battery Voltage [V]
31 [W m-2]
32 [W m-2]
33 NetRadMax[W m-2]
34 Max Air Temperture1 (TC) [degC]
35 Max Air Temperture2 (TC)[degC]
36 Min Air Temperture1 (TC)[degC]
37 Min Air Temperture2 (TC) [degC]
38 Max Windspeed-U1 [m/s]
39 Max Windspeed-U2 [m/s]
40 StdDev Windspeed-U1 [m/s]
41 StdDev Windspeed-U2 [m/s]
42 Ref Temperature [degC]
43 Windspeed@2m [m/s]
44 Windspeed@10m [m/s]
45 WindSensorHeight1 [m]
46 WindSensorHeight2 [m]
47 Albedo
48 Zenith Angle [deg]
49 QCl01-08
50 QCl09-16
51 QCl17-24
52 QCl25-27

6 2014 152.0000 166.20 129.04 -36.69 -22.89 -21.77 -22.84 -21.50 100.68 100.11 1.78 2.36 276.6 283.8 678.4 9.7866 10.1953 -32.53 -1.88 -43.28 -2.21 -44.29 -12.23 -46.03 -15.38 -62.26 -3.59 12.51 242.00 20.93 7.72 999.00 999.00 -21.72 -20.52 -24.26 -23.52 2.49 3.10 0.23 1.14 5.63 2.51 3.09 0.79 82.12 11111111 11111111 11111111 111
6 2014 152.0420 96.80 85.90 -52.68 -24.02 -23.13 -24.37 -22.82 101.85 99.55 1.44 1.83 259.1 271.7 678.3 9.7831 10.1932 -33.09 -3.71 -45.22 -3.73 -46.31 -14.16 -48.04 -17.22 -63.97 -5.78 12.51 146.80 34.58 3.07 999.00 999.00 -23.43 -22.13 -24.54 -24.18 1.78 2.19 0.11 1.02 4.03 2.52 3.09 0.79 84.24 11111111 11111111 11111111 111
6 2014 152.0830 45.00 43.50 -15.28 -25.85 -25.18 -26.23 -25.10 101.42 100.39 1.22 1.54 256.2 270.0 676.9 9.7848 10.1963 -38.78 -7.24 -48.35 -6.23 -49.38 -17.01 -51.04 -20.02 -66.81 -9.02 12.51 53.40 3.28 16.61 999.00 999.00 -24.48 -23.99 -26.71 -26.03 1.46 1.79 0.12 0.87 3.35 2.51 3.09 0.79 85.33 11111111 11111111 11111111 111
6 2014 152.1250 48.00 39.86 -16.61 -26.24 -26.00 -26.48 -26.10 102.07 101.50 1.41 1.73 315.0 326.0 677.0 9.7887 10.1999 -41.18 -9.76 -50.99 -8.33 -51.91 -19.51 -53.64 -22.57 -69.48 -11.70 12.52 61.60 5.28 5.98 999.00 999.00 -25.85 -25.63 -26.65 -26.58 1.83 2.09 0.21 1.06 3.57 2.51 3.08 0.79 85.36 11111111 11111111 11111111 111
6 2014 152.1670 36.20 30.21 -14.96 -27.73 -27.16 -27.89 -27.35 101.86 101.45 1.29 1.45 46.5 40.4 677.7 9.7895 10.2022 -42.77 -11.28 -52.60 -9.61 -53.64 -21.03 -55.32 -24.07 -71.10 -13.29 12.51 47.40 6.01 6.54 999.00 999.00 -26.55 -26.31 -28.35 -27.88 1.77 2.04 0.39 1.11 2.37 2.51 3.08 0.79 84.29 11111111 11111111 11111111 111
6 2014 152.2080 54.60 45.68 -2.99 -26.48 -25.92 -26.70 -26.11 102.32 102.05 0.19 0.48 245.1 104.1 676.9 9.7901 10.2023 -44.06 -11.74 -52.97 -9.95 -54.02 -21.37 -55.63 -24.36 -71.46 -13.53 12.51 77.20 11.83 4.09 999.00 999.00 -25.92 -25.39 -27.43 -26.98 0.96 1.02 0.27 -0.14 2.19 2.51 3.08 0.79 82.25 11111111 11111111 11111111 111
6 2014 152.2500 91.40 77.17 -13.70 -24.96 -24.55 -25.16 -24.66 102.07 101.70 0.22 0.32 209.7 123.5 676.8 9.7878 10.1993 -41.75 -9.94 -51.27 -8.58 -52.24 -19.80 -53.97 -22.81 -69.80 -11.72 12.51 133.20 14.74 5.12 999.00 999.00 -23.98 -23.75 -25.99 -25.54 1.12 0.97 0.36 0.12 0.85 2.51 3.08 0.79 79.27 11111111 11111111 11111111 111
6 2014 152.2920 188.60 159.43 -46.30 -24.28 -24.87 -24.57 -24.05 100.75 98.32 1.08 0.95 155.0 138.5 677.0 9.7822 10.1925 -37.20 -7.26 -48.99 -6.95 -49.88 -17.77 -51.82 -20.79 -67.74 -9.25 12.51 234.80 29.30 15.59 999.00 999.00 -23.61 -23.95 -24.96 -25.95 1.56 1.79 0.35 1.22 0.21 2.52 3.09 0.79 75.56 11111111 11111111 11111111 111
6 2014 152.3330 273.00 232.78 -52.20 -24.41 -25.49 -24.98 -24.36 99.23 96.50 1.58 1.81 146.8 147.2 677.2 9.7792 10.1900 -35.16 -5.41 -47.23 -5.48 -48.12 -16.09 -50.08 -19.17 -66.08 -7.24 12.51 318.60 21.29 8.74 999.00 999.00 -23.40 -25.18 -25.07 -25.82 1.80 2.06 0.10 1.33 3.09 2.52 3.09 0.85 71.45 11111111 11111111 11111111 111
6 2014 152.3750 362.40 312.68 -62.91 -24.26 -25.33 -24.25 -24.52 97.39 95.73 1.16 1.46 129.0 136.7 677.3 9.7794 10.1891 -33.50 -4.17 -46.17 -4.68 -47.11 -15.06 -49.05 -18.18 -65.12 -6.01 12.52 410.00 25.30 10.63 999.00 999.00 -23.22 -24.33 -25.29 -26.55 1.56 1.86 0.38 0.83 3.14 2.52 3.10 0.86 66.96 11111111 11111111 11111111 111
6 2014 152.4170 465.00 386.39 -42.52 -23.48 -23.49 -22.89 -23.17 97.00 96.67 1.32 1.39 121.3 130.7 677.4 9.7769 10.1879 -34.27 -3.56 -45.37 -4.00 -46.62 -14.33 -48.18 -17.39 -64.36 -5.06 12.51 519.40 28.94 20.94 999.00 999.00 -21.11 -22.19 -24.48 -24.39 1.79 1.78 0.27 1.23 1.84 2.52 3.10 0.83 62.48 11111111 11111111 11111111 111
6 2014 152.4580 564.00 458.09 -18.03 -20.75 -20.94 -20.22 -20.37 97.07 95.68 1.41 1.27 131.5 135.3 677.8 9.7718 10.1816 -34.81 -2.08 -43.83 -2.79 -44.97 -12.73 -46.54 -15.93 -63.22 -3.03 12.51 612.60 24.39 7.64 999.00 999.00 -19.01 -19.71 -22.04 -22.22 1.87 1.68 0.19 1.56 0.51 2.53 3.10 0.81 58.39 11111111 11111111 11111111 111
6 2014 152.5000 634.80 512.88 -0.79 -20.11 -19.52 -19.02 -19.05 93.56 92.89 1.35 1.29 123.4 130.7 678.1 9.7736 10.1852 -34.67 -0.20 -42.01 -1.44 -43.15 -10.83 -44.55 -14.21 -62.06 -0.73 12.51 674.00 20.38 16.14 999.00 999.00 -18.76 -18.68 -21.34 -20.26 1.80 1.73 0.17 1.42 0.95 2.52 3.10 0.81 54.81 11111111 11111111 11111111 111
6 2014 152.5420 698.00 566.57 28.74 -18.78 -16.89 -17.19 -16.96 91.06 91.35 0.20 0.57 154.6 110.5 679.0 9.7728 10.1851 -35.56 2.61 -39.73 -0.17 -40.81 -7.98 -41.93 -12.04 -62.35 2.31 12.51 720.60 12.01 6.69 999.00 999.00 -17.68 -15.94 -19.98 -18.70 1.19 1.11 0.28 -0.22 2.70 2.53 3.10 0.81 52.17 11111111 11111111 11111111 111
6 2014 152.5830 735.00 601.51 17.56 -18.86 -18.26 -17.43 -18.04 90.58 90.74 0.96 1.60 135.4 79.5 678.0 9.7869 10.2009 -33.23 6.30 -37.09 1.07 -38.43 -4.13 -38.95 -9.72 -61.87 3.09 12.52 746.60 6.92 10.00 999.00 999.00 -18.44 -17.73 -19.44 -18.60 1.96 2.36 0.59 0.25 5.26 2.51 3.08 0.82 50.77 11111111 11111111 11111111 211
6 2014 152.6250 751.60 611.88 21.57 -18.11 -17.32 -17.05 -17.20 89.23 88.14 0.99 1.92 133.4 99.0 677.7 9.7887 10.2018 -32.49 5.26 -36.91 1.89 -38.21 -4.44 -38.97 -9.66 -61.39 1.41 12.52 754.20 1.64 11.34 999.00 999.00 -17.72 -16.43 -18.54 -18.02 2.27 2.66 0.51 -0.04 7.22 2.51 3.08 0.81 50.72 11111111 11111111 11111111 111
6 2014 152.6670 745.40 602.60 29.13 -17.49 -16.64 -16.25 -16.58 85.23 85.06 0.70 1.63 85.6 109.9 677.6 9.7886 10.2028 -32.77 4.97 -37.02 1.87 -38.28 -4.54 -39.10 -9.76 -61.23 1.08 12.51 752.80 4.91 9.53 999.00 999.00 -17.21 -16.35 -17.86 -16.95 2.32 2.44 0.33 -0.33 6.95 2.51 3.08 0.81 52.07 11111111 11111111 11111111 111
6 2014 152.7080 716.20 575.85 31.65 -16.79 -16.11 -15.68 -15.97 87.11 87.16 2.12 2.38 117.1 126.4 677.4 9.7886 10.2022 -32.50 4.77 -36.80 2.30 -37.91 -4.37 -38.77 -9.44 -60.72 0.54 12.51 735.20 10.74 9.61 999.00 999.00 -16.53 -15.81 -17.28 -16.47 3.12 3.00 0.63 1.83 3.90 2.51 3.08 0.80 54.58 11111111 11111111 11111111 111
6 2014 152.7500 666.80 531.62 34.72 -16.48 -15.80 -15.17 -15.57 85.14 84.71 2.19 2.17 123.2 131.8 677.3 9.7891 10.2023 -32.35 5.00 -36.39 2.70 -37.51 -3.81 -38.33 -9.11 -61.07 0.04 12.51 694.60 15.65 6.14 999.00 999.00 -16.36 -15.44 -16.72 -16.22 3.06 2.90 0.38 2.21 2.05 2.51 3.08 0.80 58.10 11111111 11111111 11111111 111
6 2014 152.7920 598.00 473.93 29.21 -16.63 -16.20 -15.21 -15.61 85.56 85.44 2.05 2.03 133.8 139.5 677.4 9.7884 10.2020 -31.44 5.81 -35.65 3.15 -36.85 -2.81 -37.54 -8.44 -60.55 -0.86 12.51 635.20 20.38 4.17 999.00 999.00 -16.41 -15.58 -16.90 -16.74 2.43 2.45 0.19 2.08 1.89 2.51 3.08 0.79 62.25 11111111 11111111 11111111 211
6 2014 152.8330 515.00 405.86 21.10 -17.35 -17.21 -15.81 -16.26 86.27 85.91 1.71 1.83 143.0 146.7 677.5 9.7876 10.2012 -30.41 5.74 -35.51 3.40 -36.68 -2.90 -37.48 -8.32 -60.02 -1.43 12.51 558.20 23.30 3.70 999.00 999.00 -16.78 -16.56 -17.80 -17.79 2.14 2.21 0.19 1.58 2.52 2.51 3.08 0.79 66.61 11111111 11111111 11111111 211
6 2014 152.8750 419.80 329.97 1.97 -18.89 -18.72 -17.75 -18.04 88.61 90.09 2.22 2.43 143.2 148.1 677.2 9.7871 10.2014 -29.41 4.49 -36.50 3.00 -37.50 -4.69 -38.81 -9.09 -59.50 -1.25 12.51 470.40 27.48 8.19 999.00 999.00 -17.74 -17.72 -19.83 -19.60 2.74 2.93 0.26 1.98 3.68 2.51 3.08 0.79 71.09 11111111 11111111 11111111 111
6 2014 152.9170 327.60 264.08 -16.54 -20.68 -20.22 -19.76 -19.81 91.35 93.90 2.02 2.24 135.4 141.8 677.0 9.7862 10.1995 -30.00 1.78 -39.07 1.25 -39.93 -8.02 -41.68 -11.34 -59.03 -1.54 12.51 370.40 20.75 5.35 999.00 999.00 -19.75 -19.55 -21.85 -21.39 2.52 2.68 0.28 1.77 3.52 2.51 3.08 0.79 75.32 11111111 11111111 11111111 111
6 2014 152.9580 219.00 174.90 -31.34 -23.00 -22.32 -22.70 -22.19 97.89 98.32 2.34 2.57 133.3 140.2 677.0 9.7863 10.2002 -31.12 -0.70 -41.65 -0.72 -42.62 -10.66 -44.35 -13.78 -60.58 -3.34 12.51 285.20 40.59 4.09 999.00 999.00 -21.77 -21.31 -24.12 -23.19 2.52 2.89 0.10 2.07 3.93 2.51 3.08 0.79 78.96 11111111 11111111 11111111 111