Data avaiable from 1995 147.0417 to 2014 143.5833
1 Station Number A 01 .. 18
2 Year B 1995 - 1999
3 Julian Decimal Time C 0.0000 - 365.9583
4 SW_down [W m-2]
5 SW_up [W m-2]
6 Net Radiation F [W m-2]
7 TC Air 1 G Air Temperature [degC]
8 TC Air 2 H Air Temperature [degC]
9 CS500 T Air 1 I Air Temperature [degC]
10 CS500 T Air 2 J Air Temperature [degC]
11 RH 1 K Relative Humidity [%] **
12 RH 2 L Relative Humidity [%] **
13 U1 M Wind Speed [m/s]
14 U2 N Wind Speed [m/s]
15 U Dir 1 O [deg]
16 U Dir 2 P [deg]
17 Atmos Pressure Q [mbar]
18 Snow Height 1 R [m]
19 Snow Height 2 S [m]
20 T Snow 1 T [degC]
21 T Snow 2 U [degC]
22 T Snow 3 V [degC]
23 T Snow 4 W [degC]
24 T Snow 5 X [degC]
25 T Snow 6 Y [degC]
26 T Snow 7 Z [degC]
27 T Snow 8 AA [degC]
28 T Snow 9 AB [degC]
29 T Snow 10 AC [degC]
30 Battery Voltage [V]
31 [W m-2]
32 [W m-2]
33 NetRadMax[W m-2]
34 Max Air Temperture1 (TC) [degC]
35 Max Air Temperture2 (TC)[degC]
36 Min Air Temperture1 (TC)[degC]
37 Min Air Temperture2 (TC) [degC]
38 Max Windspeed-U1 [m/s]
39 Max Windspeed-U2 [m/s]
40 StdDev Windspeed-U1 [m/s]
41 StdDev Windspeed-U2 [m/s]
42 Ref Temperature [degC]
43 Windspeed@2m [m/s]
44 Windspeed@10m [m/s]
45 WindSensorHeight1 [m]
46 WindSensorHeight2 [m]
47 Albedo
48 Zenith Angle [deg]
49 QCl01-08
50 QCl09-16
51 QCl17-24
52 QCl25-27

3 2013 1.0000 0.40 0.00 -8.16 -49.96 -49.59 -39.75 -39.75 80.07 999.00 6.08 6.75 45.1 137.4 999.0 0.8484 0.8552 -41.05 -37.68 -49.23 -23.30 -23.43 -23.53 -23.60 -23.66 -23.72 -23.75 11.94 0.60 0.14 0.16 -49.89 -49.47 -50.02 -49.69 6.83 7.58 0.28 0.27 -50.04 6.09 7.94 2.04 3.42 0.65 122.67 11111118 87711921 11111111 115
3 2013 1.0417 0.40 0.00 -8.32 -49.85 -49.46 -39.75 -39.75 80.18 999.00 6.03 6.74 28.8 134.1 999.0 0.8484 0.8552 -41.09 -37.72 -49.27 -23.31 -23.43 -23.53 -23.60 -23.66 -23.73 -23.75 11.94 0.60 0.65 0.16 -49.77 -49.39 -49.95 -49.54 7.17 7.79 0.38 0.39 -50.06 6.07 7.92 2.04 3.42 0.65 125.82 11111118 87711921 11111111 115
3 2013 1.0833 0.40 0.00 -8.24 -49.78 -49.35 -39.75 -39.75 80.29 999.00 6.32 7.03 26.8 134.0 999.0 0.8484 0.8562 -41.10 -37.69 -49.23 -23.30 -23.43 -23.53 -23.60 -23.66 -23.73 -23.75 11.94 0.60 0.36 0.16 -49.58 -49.14 -49.92 -49.55 7.42 8.17 0.48 0.49 -50.03 6.34 8.27 2.04 3.42 0.65 128.05 11111118 87711921 11111111 115
3 2013 1.1250 0.40 0.00 -8.32 -49.43 -48.97 -39.75 -39.75 80.82 999.00 6.36 7.08 51.1 134.8 999.0 0.8484 0.8582 -40.94 -37.60 -49.14 -23.30 -23.42 -23.52 -23.60 -23.66 -23.73 -23.75 11.94 0.60 0.65 0.16 -49.28 -48.77 -49.61 -49.15 7.74 8.37 0.61 0.63 -49.92 6.39 8.33 2.04 3.41 0.65 129.14 11111118 87711921 11111111 115
3 2013 1.1667 0.40 0.00 -8.16 -49.14 -48.64 -39.75 -39.75 81.18 999.00 6.73 7.45 97.5 142.1 999.0 0.8484 0.8612 -40.80 -37.42 -48.97 -23.29 -23.41 -23.51 -23.59 -23.65 -23.72 -23.75 11.94 0.60 0.00 0.16 -48.93 -48.34 -49.30 -48.79 7.70 8.38 0.29 0.29 -49.74 6.74 8.79 2.04 3.41 0.65 128.96 11111118 87711921 11111111 115
3 2013 1.2083 0.40 0.00 -8.24 -48.71 -48.21 -39.75 -39.75 81.81 999.00 6.89 7.63 92.6 141.7 999.0 0.8484 0.8642 -40.60 -37.17 -48.73 -23.29 -23.42 -23.52 -23.59 -23.66 -23.73 -23.75 11.94 0.60 0.50 0.16 -48.57 -48.08 -48.94 -48.35 7.68 8.50 0.31 0.31 -49.47 6.90 9.00 2.04 3.41 0.65 127.52 11111118 87711921 11111111 115
3 2013 1.2500 0.40 0.00 -8.16 -48.37 -47.84 -39.75 -39.75 82.28 999.00 7.08 7.85 102.3 144.7 999.0 0.8484 0.8672 -40.35 -36.88 -48.45 -23.30 -23.43 -23.53 -23.61 -23.68 -23.74 -23.76 11.94 0.60 0.00 0.16 -48.11 -47.59 -48.64 -48.09 8.18 8.99 0.33 0.34 -49.17 7.10 9.25 2.04 3.41 0.65 124.99 11111118 87711921 11111111 115
3 2013 1.2917 0.40 0.00 -8.16 -48.00 -47.56 -39.75 -39.75 82.91 999.00 7.15 7.88 101.1 145.2 999.0 0.8484 0.8692 -39.97 -36.53 -48.14 -23.30 -23.43 -23.53 -23.61 -23.68 -23.74 -23.76 11.94 0.60 0.14 0.16 -47.89 -47.44 -48.11 -47.65 8.25 8.88 0.37 0.37 -48.81 7.14 9.31 2.04 3.40 0.65 121.63 11111118 87711921 11111111 115
3 2013 1.3333 0.40 0.00 -8.16 -47.83 -47.43 -39.75 -39.75 83.22 999.00 7.08 7.82 105.2 142.7 999.0 0.8484 0.8692 -39.72 -36.23 -47.82 -23.30 -23.42 -23.52 -23.60 -23.67 -23.73 -23.75 11.94 0.60 0.36 0.16 -47.79 -47.33 -47.91 -47.57 7.93 8.60 0.35 0.34 -48.48 7.08 9.23 2.04 3.40 0.65 117.73 11111118 87711921 11111111 115
3 2013 1.3750 0.40 0.00 -8.16 -48.07 -47.78 -39.75 -39.75 82.96 999.00 6.85 7.56 69.3 138.3 999.0 0.8484 0.8672 -39.44 -36.02 -47.66 -23.30 -23.42 -23.52 -23.60 -23.66 -23.72 -23.75 11.94 0.60 0.00 0.16 -47.87 -47.55 -48.22 -47.93 8.09 8.76 0.35 0.34 -48.30 6.85 8.93 2.04 3.41 0.65 113.59 11111118 87711921 11111111 115
3 2013 1.4167 0.40 0.00 -8.16 -47.96 -47.51 -39.75 -39.75 83.00 999.00 7.71 8.47 93.8 138.6 999.0 0.8484 0.8692 -39.56 -36.00 -47.64 -23.30 -23.42 -23.52 -23.59 -23.65 -23.72 -23.75 11.94 0.60 0.14 0.16 -47.60 -47.15 -48.20 -47.84 8.56 9.21 0.35 0.34 -48.26 7.69 10.02 2.04 3.40 0.65 109.47 11111118 87711921 11111111 115
3 2013 1.4583 0.40 0.00 -8.16 -47.32 -46.88 -39.75 -39.75 84.01 999.00 7.96 8.74 58.2 136.1 999.0 0.8484 0.8722 -39.33 -35.81 -47.46 -23.30 -23.42 -23.52 -23.60 -23.67 -23.73 -23.75 11.94 0.60 0.00 0.16 -47.01 -46.61 -47.60 -47.17 9.62 10.27 0.49 0.48 -48.06 7.93 10.34 2.04 3.40 0.65 105.63 11111118 87711921 11111111 115
3 2013 1.5000 0.20 0.00 -8.16 -46.95 -46.60 -39.75 -39.75 84.67 999.00 7.38 8.16 72.5 129.9 999.0 0.8484 0.8742 -38.99 -35.48 -47.13 -23.29 -23.42 -23.52 -23.60 -23.67 -23.73 -23.75 11.94 0.60 0.00 0.16 -46.71 -46.27 -47.05 -46.77 9.14 9.97 0.59 0.62 -47.71 7.39 9.63 2.04 3.40 0.65 102.28 11111118 87711921 11111111 115
3 2013 1.5417 0.20 0.00 -8.80 -46.54 -46.17 -39.75 -39.75 85.30 999.00 7.56 8.35 40.5 132.1 999.0 0.8484 0.8782 -38.61 -35.13 -46.83 -23.30 -23.42 -23.52 -23.60 -23.67 -23.73 -23.75 11.94 0.60 1.15 0.16 -46.46 -45.95 -46.73 -46.29 9.13 9.99 0.62 0.65 -47.37 7.56 9.86 2.04 3.39 0.65 99.62 11111118 87711921 11111111 115
3 2013 1.5833 0.20 0.00 -8.48 -45.92 -45.35 -39.75 -39.75 86.08 999.00 8.28 9.13 83.6 141.9 999.0 0.8484 0.8842 -38.24 -34.74 -46.50 -23.29 -23.42 -23.52 -23.60 -23.67 -23.73 -23.75 11.94 0.60 0.86 0.16 -45.40 -44.81 -46.49 -45.98 9.89 10.67 0.46 0.47 -46.99 8.28 10.79 2.04 3.39 0.65 97.80 11111118 87711921 11111111 115
3 2013 1.6250 0.20 0.00 -8.88 -44.89 -44.24 -39.75 -39.75 87.65 999.00 7.40 8.19 112.1 145.8 999.0 0.8484 0.8932 -37.74 -34.20 -45.94 -23.29 -23.41 -23.51 -23.60 -23.69 -23.74 -23.75 11.94 0.60 2.59 0.16 -44.24 -43.52 -45.40 -44.80 8.80 9.49 0.56 0.57 -46.39 7.42 9.67 2.04 3.38 0.65 96.94 11111118 87711921 11111111 115
3 2013 1.6667 0.20 0.00 -8.32 -43.48 -42.85 -39.75 -39.75 89.86 999.00 7.91 8.71 112.4 146.9 999.0 0.8484 0.9022 -37.08 -33.38 -45.18 -23.28 -23.41 -23.51 -23.60 -23.70 -23.74 -23.74 11.94 0.60 1.87 0.08 -42.98 -42.40 -44.24 -43.53 8.94 9.85 0.40 0.40 -45.53 7.91 10.31 2.04 3.37 0.65 97.07 11111118 87711921 11111111 115
3 2013 1.7083 0.00 0.00 -8.32 -42.54 -41.96 -39.75 -39.75 91.42 999.00 7.46 8.25 115.8 147.4 999.0 0.8484 0.9082 -36.09 -32.37 -44.23 -23.26 -23.39 -23.49 -23.57 -23.67 -23.71 -23.72 11.94 0.60 3.45 0.08 -42.21 -41.58 -43.03 -42.57 9.37 10.11 0.51 0.52 -44.49 7.47 9.74 2.04 3.36 0.65 98.20 11111118 87711921 11111111 115
3 2013 1.7500 0.00 0.00 -7.36 -42.07 -41.44 -39.75 -39.75 92.20 999.00 7.10 7.87 114.6 145.8 999.0 0.8484 0.9122 -35.47 -31.56 -43.46 -23.26 -23.39 -23.49 -23.57 -23.66 -23.71 -23.72 11.94 0.60 1.58 0.08 -41.64 -40.96 -42.40 -41.79 8.25 9.09 0.37 0.38 -43.63 7.12 9.28 2.04 3.36 0.65 100.26 11111118 87711921 11111111 115
3 2013 1.7917 0.00 0.00 -10.56 -41.70 -41.18 -39.75 -39.75 92.97 999.00 7.30 8.09 118.0 146.9 999.0 0.8484 0.9132 -34.62 -30.83 -42.86 -23.25 -23.38 -23.48 -23.56 -23.64 -23.69 -23.71 11.94 0.60 2.16 0.08 -41.56 -40.91 -41.83 -41.35 8.97 9.89 0.36 0.36 -42.95 7.32 9.55 2.04 3.36 0.65 103.12 11111118 87711921 11111111 115
3 2013 1.8333 0.00 0.00 -9.28 -41.44 -40.82 -39.75 -39.74 93.32 999.00 7.68 8.47 123.3 149.0 999.0 0.8484 0.9152 -34.31 -30.42 -42.44 -23.24 -23.37 -23.47 -23.55 -23.62 -23.68 -23.70 11.94 0.60 2.88 0.08 -41.07 -40.49 -41.69 -41.15 9.00 9.69 0.53 0.54 -42.50 7.68 10.02 2.04 3.36 0.65 106.62 11111118 87711921 11111111 115
3 2013 1.8750 0.00 0.00 -9.04 -41.04 -40.62 -39.75 -39.70 94.08 999.00 7.85 8.65 119.4 147.1 999.0 0.8484 0.9162 -33.93 -30.00 -42.09 -23.24 -23.37 -23.47 -23.55 -23.63 -23.68 -23.70 11.94 0.60 1.65 0.08 -40.94 -40.47 -41.14 -40.73 9.86 10.84 0.41 0.41 -42.06 7.85 10.24 2.04 3.36 0.65 110.55 11111118 87711921 11111111 115
3 2013 1.9167 0.00 0.00 -12.80 -41.26 -40.79 -39.75 -39.74 93.83 999.00 8.00 8.82 116.1 147.2 999.0 0.8484 0.9142 -33.40 -29.66 -41.80 -23.25 -23.38 -23.47 -23.55 -23.62 -23.68 -23.70 11.94 0.60 1.44 0.08 -41.08 -40.60 -41.43 -40.95 10.46 11.14 0.54 0.56 -41.76 8.00 10.43 2.04 3.36 0.65 114.70 11111118 87711921 11111111 115
3 2013 1.9583 0.00 0.00 -13.04 -41.45 -40.96 -39.75 -39.75 93.57 999.00 8.19 9.02 120.7 148.6 999.0 0.8484 0.9132 -33.33 -29.57 -41.75 -23.26 -23.38 -23.48 -23.56 -23.61 -23.68 -23.71 11.94 0.60 1.22 0.08 -41.37 -40.83 -41.58 -41.12 9.46 10.34 0.37 0.39 -41.68 8.19 10.67 2.04 3.36 0.65 118.79 11111118 87711921 11111111 115
