Data avaiable from 1996 133.4583 to 2017 144.4580
1 Station Number A 01 .. 18
2 Year B 1995 - 1999
3 Julian Decimal Time C 0.0000 - 365.9583
4 SW_down [W m-2]
5 SW_up [W m-2]
6 Net Radiation F [W m-2]
7 TC Air 1 G Air Temperature [degC]
8 TC Air 2 H Air Temperature [degC]
9 CS500 T Air 1 I Air Temperature [degC]
10 CS500 T Air 2 J Air Temperature [degC]
11 RH 1 K Relative Humidity [%] **
12 RH 2 L Relative Humidity [%] **
13 U1 M Wind Speed [m/s]
14 U2 N Wind Speed [m/s]
15 U Dir 1 O [deg]
16 U Dir 2 P [deg]
17 Atmos Pressure Q [mbar]
18 Snow Height 1 R [m]
19 Snow Height 2 S [m]
20 T Snow 1 T [degC]
21 T Snow 2 U [degC]
22 T Snow 3 V [degC]
23 T Snow 4 W [degC]
24 T Snow 5 X [degC]
25 T Snow 6 Y [degC]
26 T Snow 7 Z [degC]
27 T Snow 8 AA [degC]
28 T Snow 9 AB [degC]
29 T Snow 10 AC [degC]
30 Battery Voltage [V]
31 [W m-2]
32 [W m-2]
33 NetRadMax[W m-2]
34 Max Air Temperture1 (TC) [degC]
35 Max Air Temperture2 (TC)[degC]
36 Min Air Temperture1 (TC)[degC]
37 Min Air Temperture2 (TC) [degC]
38 Max Windspeed-U1 [m/s]
39 Max Windspeed-U2 [m/s]
40 StdDev Windspeed-U1 [m/s]
41 StdDev Windspeed-U2 [m/s]
42 Ref Temperature [degC]
43 Windspeed@2m [m/s]
44 Windspeed@10m [m/s]
45 WindSensorHeight1 [m]
46 WindSensorHeight2 [m]
47 Albedo
48 Zenith Angle [deg]
49 QCl01-08
50 QCl09-16
51 QCl17-24
52 QCl25-27

6 2012 230.0417 4.00 3.46 -29.84 -15.25 -12.11 -15.90 -12.55 15.14 8.98 3.52 3.47 187.6 203.4 696.7 8.8839 9.2390 -32.75 -1.60 -42.92 -1.81 -43.93 -10.62 -45.26 -14.99 -61.79 -2.77 14.04 9.40 1.82 3.23 -11.07 -10.09 -20.67 -16.00 4.26 3.88 0.27 0.18 -17.28 3.22 4.20 2.63 3.70 0.79 92.52 11111118 87711111 11111111 115
6 2012 230.0833 1.00 0.73 -27.64 -12.32 -10.97 -12.33 -10.88 7.09 5.75 3.21 3.52 216.1 229.2 696.7 8.9089 9.2650 -32.77 -1.16 -42.72 -1.73 -43.74 -10.51 -45.12 -14.84 -61.92 -2.03 14.00 2.00 0.36 2.76 -11.02 -9.83 -16.64 -15.17 3.47 3.84 0.18 0.24 -17.08 3.12 4.06 2.60 3.67 0.79 93.81 11111118 87711111 11111111 115
6 2012 230.1250 0.40 0.32 -25.59 -17.54 -14.92 -17.76 -15.14 12.71 9.14 3.39 3.35 185.5 200.6 696.4 8.8729 9.2260 -33.35 -1.91 -43.25 -2.17 -44.19 -11.06 -45.62 -15.30 -62.15 -3.15 13.94 0.60 0.36 5.20 -14.33 -12.97 -23.07 -21.14 4.41 4.96 0.51 0.59 -17.57 3.10 4.05 2.64 3.71 0.79 93.98 15111118 87711111 11111111 115
6 2012 230.1667 0.60 0.55 -25.04 -14.88 -13.56 -15.25 -13.79 9.29 7.92 3.19 3.31 216.4 227.8 695.0 8.8919 9.2440 -34.90 -3.69 -45.01 -3.62 -45.96 -12.97 -47.47 -16.94 -63.76 -5.01 13.91 1.40 0.36 3.62 -12.51 -12.04 -19.83 -19.31 4.01 3.89 0.41 0.36 -19.24 3.00 3.91 2.62 3.69 0.79 93.01 11111118 87711111 11111111 115
6 2012 230.2083 2.40 2.00 -24.80 -15.97 -14.79 -15.95 -14.76 10.73 9.61 2.92 2.92 209.0 220.9 694.9 8.8889 9.2410 -34.45 -3.07 -44.39 -3.03 -45.33 -12.34 -46.83 -16.35 -63.18 -4.36 13.87 4.80 0.73 4.17 -12.36 -12.00 -19.82 -18.61 4.96 5.18 0.81 0.69 -18.68 2.69 3.51 2.62 3.69 0.79 90.98 11111118 87711111 11111111 115
6 2012 230.2500 9.20 7.26 -26.38 -15.07 -14.09 -15.26 -14.09 9.82 8.88 2.71 2.41 189.3 202.2 694.9 8.8829 9.2380 -34.46 -3.21 -44.54 -3.20 -45.49 -12.55 -47.01 -16.47 -63.27 -4.55 13.85 18.20 3.46 3.54 -13.48 -12.68 -18.45 -16.73 3.80 3.39 0.50 0.37 -18.82 2.35 3.06 2.63 3.70 0.79 88.01 15111118 87711111 11111111 115
6 2012 230.2917 41.00 32.34 -33.39 -14.78 -14.22 -14.64 -13.63 9.47 8.75 2.28 2.26 222.9 232.0 695.2 8.8999 9.2530 -32.34 -1.24 -42.75 -1.80 -43.70 -10.91 -45.19 -14.89 -61.79 -2.54 13.91 71.60 14.20 2.99 -12.83 -12.38 -18.82 -18.79 3.55 3.19 0.45 0.37 -17.12 2.09 2.72 2.61 3.68 0.79 84.32 15111118 87711111 11111111 115
6 2012 230.3333 118.00 102.83 -36.06 -14.79 -14.33 -14.48 -13.48 9.25 8.58 2.33 2.21 216.9 228.2 695.3 8.8919 9.2450 -30.71 0.50 -41.16 -0.60 -42.14 -9.40 -43.61 -13.45 -60.55 -0.85 14.03 167.60 25.84 1.97 -13.28 -13.21 -17.28 -16.58 4.38 3.67 0.53 0.34 -15.58 2.09 2.73 2.62 3.69 0.79 80.13 11111118 87711111 11111111 115
6 2012 230.3750 208.60 173.45 -38.90 -14.35 -13.74 -13.77 -12.44 8.68 7.73 1.80 1.84 231.2 243.3 695.2 8.8999 9.2540 -29.27 2.28 -39.60 0.56 -40.60 -7.63 -41.89 -12.12 -59.52 0.67 15.10 251.40 22.20 2.28 -12.99 -12.72 -15.92 -15.07 2.71 2.57 0.34 0.27 -14.05 1.68 2.19 2.61 3.68 0.79 75.68 11111118 87711111 11111111 115
6 2012 230.4167 296.60 246.97 -31.02 -14.49 -13.71 -13.73 -12.32 9.06 7.66 2.14 2.14 223.2 235.4 695.4 8.8989 9.2520 -28.82 3.65 -38.32 1.47 -39.47 -5.87 -40.37 -11.04 -58.60 1.42 14.10 340.00 23.30 6.22 -12.83 -12.58 -18.92 -17.38 4.12 4.06 0.69 0.63 -12.69 1.97 2.57 2.61 3.68 0.83 71.26 11111118 87711111 11111111 111
6 2012 230.4583 382.80 316.13 -14.88 -15.21 -13.64 -14.96 -12.63 14.09 9.01 2.49 2.53 211.7 224.5 696.1 8.8959 9.2490 -29.99 3.12 -38.39 1.52 -39.36 -6.04 -40.44 -11.02 -58.37 0.63 14.03 423.80 21.84 8.66 -11.79 -11.64 -19.68 -19.42 3.88 3.94 0.35 0.35 -12.74 2.32 3.02 2.62 3.69 0.83 67.16 11111118 87711111 11111111 111
6 2012 230.5000 460.00 378.20 7.48 -13.78 -12.89 -12.94 -11.34 10.40 7.84 2.21 2.41 229.2 242.2 696.2 8.9089 9.2620 -30.65 4.56 -37.14 2.39 -38.22 -4.09 -38.81 -10.02 -58.27 1.37 13.98 493.20 18.56 6.30 -11.90 -11.97 -16.36 -14.44 3.05 3.03 0.28 0.27 -11.33 2.13 2.78 2.60 3.67 0.82 63.67 11111118 87711111 11111111 111
6 2012 230.5417 522.20 428.06 22.13 -12.90 -12.45 -12.23 -10.76 13.38 9.90 1.64 1.73 220.3 233.6 697.6 8.9159 9.2700 -30.62 6.45 -35.50 3.41 -36.57 -1.07 -36.43 -8.82 -59.49 0.43 13.93 547.20 14.20 5.12 -10.84 -10.89 -15.69 -14.99 2.55 2.50 0.33 0.30 -9.41 1.56 2.03 2.60 3.66 0.82 61.07 11111118 87711111 11111111 111
6 2012 230.5833 564.80 463.01 34.57 -11.77 -11.33 -10.31 -9.28 15.53 10.65 1.55 1.62 234.4 243.5 698.9 8.9259 9.2810 -31.03 8.95 -33.75 4.04 -35.67 2.40 -33.92 -8.11 -58.99 -2.67 13.89 578.20 8.19 7.48 -10.60 -10.63 -13.70 -13.45 2.68 2.60 0.52 0.46 -7.26 1.47 1.91 2.59 3.65 0.82 59.62 11111118 87711111 11111111 211
6 2012 230.6250 584.40 474.47 51.65 -11.56 -11.02 -10.61 -9.25 21.70 12.63 1.62 1.75 224.9 234.7 699.3 8.9289 9.2830 -31.91 9.91 -33.19 4.31 -35.67 4.37 -32.88 -8.13 -58.48 -5.42 13.85 587.00 2.18 4.33 -10.15 -9.86 -13.24 -13.36 2.64 2.55 0.34 0.26 -6.22 1.56 2.03 2.58 3.65 0.81 59.46 11111118 87711111 11211111 211
6 2012 230.6667 579.80 467.01 50.08 -9.88 -9.39 -8.67 -7.53 16.55 9.82 1.42 1.48 243.2 249.3 698.8 8.9379 9.2930 -31.55 10.96 -32.63 4.04 -35.17 5.84 -32.33 -8.59 -57.98 -6.94 13.81 586.40 4.55 9.21 -8.14 -8.42 -11.48 -10.62 2.38 2.37 0.47 0.45 -5.53 1.34 1.75 2.57 3.64 0.81 60.61 11111118 87711111 11212111 211
6 2012 230.7083 550.60 441.71 40.71 -8.57 -8.03 -5.84 -5.51 18.11 12.49 0.73 0.90 290.8 292.3 697.6 8.9419 9.2960 -31.32 13.46 -32.06 2.75 -34.67 9.55 -30.26 -9.51 -57.48 -8.52 13.78 569.40 10.92 5.43 -6.36 -7.30 -9.91 -9.09 1.89 1.94 0.59 0.54 -3.63 0.76 0.99 2.57 3.64 0.80 62.95 11111118 87711111 11212111 221
6 2012 230.7500 499.20 397.67 32.91 -8.73 -10.54 -6.05 -9.51 23.77 19.93 2.06 2.46 327.3 288.5 697.2 8.9359 9.2900 -30.95 13.20 -31.50 3.09 -34.18 7.69 -30.12 -6.07 -56.97 -10.11 13.76 528.20 15.83 5.59 -6.29 -7.95 -10.91 -11.44 2.82 3.32 0.70 0.72 -3.43 2.09 2.73 2.58 3.64 0.80 66.26 11111118 87711111 11222111 221
6 2012 230.7917 430.00 339.25 21.97 -10.58 -11.29 -8.15 -10.37 26.32 23.62 1.94 2.20 146.6 18.3 697.2 8.9309 9.2850 -29.01 11.01 -30.94 3.43 -33.68 4.82 -31.69 -5.28 -56.47 -11.69 14.09 468.00 20.93 8.35 -8.28 -10.97 -12.76 -11.56 2.81 3.05 0.62 0.59 -4.56 1.92 2.50 2.58 3.65 0.79 70.26 11111118 87711111 11121111 221
6 2012 230.8333 344.80 269.91 -6.38 -12.27 -11.36 -10.88 -10.93 27.38 22.40 1.37 1.89 72.7 68.8 697.1 8.9249 9.2790 -27.63 9.99 -31.40 3.77 -33.59 2.66 -33.08 -5.21 -55.96 -13.28 14.88 388.40 23.30 5.67 -11.43 -10.78 -13.42 -12.03 2.18 2.58 0.44 0.24 -5.57 999.00 999.00 2.59 3.65 0.78 74.64 11111118 81111111 21121111 291
6 2012 230.8750 254.00 196.01 -15.28 -13.25 -11.89 -12.10 -11.59 26.76 19.77 1.25 2.22 130.4 83.7 697.3 8.9129 9.2680 -26.24 7.50 -33.25 4.11 -34.44 -0.82 -35.60 -5.78 -55.46 -6.83 14.49 300.00 24.21 2.99 -10.96 -10.02 -15.67 -13.96 2.50 3.10 0.58 0.46 -7.78 999.00 999.00 2.60 3.67 0.78 79.13 11111118 81111111 11121111 115
6 2012 230.9167 164.60 123.21 -17.40 -12.02 -11.01 -11.45 -10.92 16.29 14.21 2.52 2.67 38.1 43.9 697.4 8.9139 9.2710 -27.00 5.15 -35.26 4.45 -36.20 -3.20 -37.66 -7.94 -55.40 -3.54 14.30 208.00 22.93 2.13 -10.66 -10.28 -15.46 -12.89 3.08 3.23 0.36 0.34 -9.89 2.40 3.13 2.60 3.66 0.78 83.45 11111118 87711111 11111111 115
6 2012 230.9583 64.80 57.88 -25.83 -15.43 -13.66 -15.24 -13.60 28.89 23.32 1.80 2.42 75.6 67.0 697.0 8.8919 9.2470 -27.72 3.37 -37.10 2.96 -37.91 -5.38 -39.53 -9.52 -56.23 -2.75 14.21 123.00 35.67 10.24 -13.14 -11.44 -17.97 -15.95 2.65 2.87 0.73 0.28 -11.71 999.00 999.00 2.62 3.69 0.78 87.32 11111118 81111111 11111111 115
6 2012 231.0000 14.40 14.20 -18.03 -15.88 -14.32 -16.08 -14.41 30.96 27.87 1.87 2.68 83.1 78.1 696.9 8.8849 9.2390 -31.22 -0.04 -40.48 0.19 -41.13 -8.94 -42.89 -12.58 -58.82 -3.43 14.11 27.00 6.01 2.60 -14.61 -13.56 -17.13 -15.50 2.71 3.25 0.75 0.23 -14.91 999.00 999.00 2.63 3.70 0.78 90.52 11111118 81111111 11111111 115
