Year MonthOfYear DayOfMonth HourOfDay(UTC) DayOfYear DayOfCentury AirPressure(hPa) AirTemperature(C) AirTemperatureHygroClip(C) RelativeHumidity_wrtWater(%) RelativeHumidity(%) WindSpeed(m/s) WindDirection(d) ShortwaveRadiationDown(W/m2) ShortwaveRadiationDown_Cor(W/m2) ShortwaveRadiationUp(W/m2) ShortwaveRadiationUp_Cor(W/m2) Albedo_theta<70d LongwaveRadiationDown(W/m2) LongwaveRadiationUp(W/m2) CloudCover SurfaceTemperature(C) HeightSensorBoom(m) HeightStakes(m) DepthPressureTransducer(m) DepthPressureTransducer_Cor(m) IceTemperature1(C) IceTemperature2(C) IceTemperature3(C) IceTemperature4(C) IceTemperature5(C) IceTemperature6(C) IceTemperature7(C) IceTemperature8(C) TiltToEast(d) TiltToNorth(d) TimeGPS(hhmmssUTC) LatitudeGPS(ddmm) LongitudeGPS(ddmm) ElevationGPS(m) HorDilOfPrecGPS LoggerTemperature(C) FanCurrent(mA) BatteryVoltage(V)
2016 5 1 0 122 5966 -999 -999 -999 -999 -999 -999 -999 -999 -999 -999 -999 -999 -999 -999 -999 -999 -999 -999 -999 -999 -999 -999 -999 -999 -999 -999 -999 -999 -999 -999 -999 -999 -999 -999 -999 -999 -999 -999
2016 5 1 1 122 5966 -999 -999 -999 -999 -999 -999 -999 -999 -999 -999 -999 -999 -999 -999 -999 -999 -999 -999 -999 -999 -999 -999 -999 -999 -999 -999 -999 -999 -999 -999 -999 -999 -999 -999 -999 -999 -999 -999
2016 5 1 2 122 5966 -999 -999 -999 -999 -999 -999 -999 -999 -999 -999 -999 -999 -999 -999 -999 -999 -999 -999 -999 -999 -999 -999 -999 -999 -999 -999 -999 -999 -999 -999 -999 -999 -999 -999 -999 -999 -999 -999
2016 5 1 3 122 5966 -999 -999 -999 -999 -999 -999 -999 -999 -999 -999 -999 -999 -999 -999 -999 -999 -999 -999 -999 -999 -999 -999 -999 -999 -999 -999 -999 -999 -999 -999 -999 -999 -999 -999 -999 -999 -999 -999
2016 5 1 4 122 5966 -999 -999 -999 -999 -999 -999 -999 -999 -999 -999 -999 -999 -999 -999 -999 -999 -999 -999 -999 -999 -999 -999 -999 -999 -999 -999 -999 -999 -999 -999 -999 -999 -999 -999 -999 -999 -999 -999
2016 5 1 5 122 5966 -999 -999 -999 -999 -999 -999 -999 -999 -999 -999 -999 -999 -999 -999 -999 -999 -999 -999 -999 -999 -999 -999 -999 -999 -999 -999 -999 -999 -999 -999 -999 -999 -999 -999 -999 -999 -999 -999
2016 5 1 6 122 5966 -999 -999 -999 -999 -999 -999 -999 -999 -999 -999 -999 -999 -999 -999 -999 -999 -999 -999 -999 -999 -999 -999 -999 -999 -999 -999 -999 -999 -999 -999 -999 -999 -999 -999 -999 -999 -999 -999
2016 5 1 7 122 5966 -999 -999 -999 -999 -999 -999 -999 -999 -999 -999 -999 -999 -999 -999 -999 -999 -999 -999 -999 -999 -999 -999 -999 -999 -999 -999 -999 -999 -999 -999 -999 -999 -999 -999 -999 -999 -999 -999
2016 5 1 8 122 5966 -999 -999 -999 -999 -999 -999 -999 -999 -999 -999 -999 -999 -999 -999 -999 -999 -999 -999 -999 -999 -999 -999 -999 -999 -999 -999 -999 -999 -999 -999 -999 -999 -999 -999 -999 -999 -999 -999
2016 5 1 9 122 5966 -999 -999 -999 -999 -999 -999 -999 -999 -999 -999 -999 -999 -999 -999 -999 -999 -999 -999 -999 -999 -999 -999 -999 -999 -999 -999 -999 -999 -999 -999 -999 -999 -999 -999 -999 -999 -999 -999
2016 5 1 10 122 5966 -999 -999 -999 -999 -999 -999 -999 -999 -999 -999 -999 -999 -999 -999 -999 -999 -999 -999 -999 -999 -999 -999 -999 -999 -999 -999 -999 -999 -999 -999 -999 -999 -999 -999 -999 -999 -999 -999
2016 5 1 11 122 5966 -999 -999 -999 -999 -999 -999 -999 -999 -999 -999 -999 -999 -999 -999 -999 -999 -999 -999 -999 -999 -999 -999 -999 -999 -999 -999 -999 -999 -999 -999 -999 -999 -999 -999 -999 -999 -999 -999
2016 5 1 12 122 5966 -999 -999 -999 -999 -999 -999 -999 -999 -999 -999 -999 -999 -999 -999 -999 -999 -999 -999 -999 -999 -999 -999 -999 -999 -999 -999 -999 -999 -999 -999 -999 -999 -999 -999 -999 -999 -999 -999
2016 5 1 13 122 5966 -999 -999 -999 -999 -999 -999 -999 -999 -999 -999 -999 -999 -999 -999 -999 -999 -999 -999 -999 -999 -999 -999 -999 -999 -999 -999 -999 -999 -999 -999 -999 -999 -999 -999 -999 -999 -999 -999
2016 5 1 14 122 5966 724.28 -19.73 -19.2 52 63 .87 251.7 551.4 544.4 422.2 422.2 .775 191.6 243.6 .55 -17.14 2.585 -999 -999 -999 -999 -999 -999 -999 -999 -999 -999 -999 6.28 -1.89 -999 -999 -999 -999 -999 -12.11 140.4 15.44
2016 5 1 15 122 5966 724.2 -17.92 -16.98 47 55.9 .49 208.4 474.9 475.4 375.8 375.8 .791 201 247.8 .58 -16.04 2.591 -999 -999 -999 -999 -999 -999 -999 -999 -999 -999 -999 6.2 -1.83 -999 -999 -999 -999 -999 -9.57 137.9 15.34
2016 5 1 16 122 5966 724.05 -16.84 -15.37 46.4 54.6 -999 -999 428.3 440.9 357.9 357.9 .812 196.4 252.2 .49 -14.9 2.593 -999 -999 -999 -999 -999 -999 -999 -999 -999 -999 -999 6.1 -1.76 -999 -999 -999 -999 -999 -6.74 137.8 15.39
2016 5 1 17 122 5966 724 -17 -15.17 47.3 55.9 -999 -999 387.5 412.9 346.6 346.6 .84 189.6 251.2 .42 -15.16 2.591 -999 -999 -999 -999 -999 -999 -999 -999 -999 -999 -999 6.06 -1.72 -999 -999 -999 -999 -999 -5.37 137.1 15.33
2016 5 1 18 122 5966 723.94 -18.26 -16.75 54.4 65.1 .59 113.7 301.4 354.4 303.3 303.3 -999 172 242.3 .28 -17.48 2.587 -999 -999 -999 -999 -999 -999 -999 -999 -999 -999 -999 6.09 -1.76 -999 -999 -999 -999 -999 -6.4 131.7 14.84
2016 5 1 19 122 5966 723.88 -19.7 -18.77 59 71.5 .86 175.4 217.8 296.8 249.8 249.8 -999 161.9 231 .23 -20.52 2.588 -999 -999 -999 -999 -999 -999 -999 -999 -999 -999 -999 6.15 -1.79 -999 -999 -999 -999 -999 -9.63 117.9 13.59
2016 5 1 20 122 5966 723.84 -22.5 -21.9 64.9 80.8 1.96 216.1 157.6 255.5 211.6 211.6 -999 153.3 219.6 .23 -23.69 2.585 -999 -999 -999 -999 -999 -999 -999 -999 -999 -999 -999 6.23 -1.83 -999 -999 -999 -999 -999 -13.32 114.9 13.27
2016 5 1 21 122 5966 723.79 -24.29 -24.35 73.8 93.5 2.3 214.2 96.4 197.1 160.5 160.5 -999 147.5 210.7 .23 -26.26 2.584 -999 -999 -999 -999 -999 -999 -999 -999 -999 -999 -999 6.33 -1.72 -999 -999 -999 -999 -999 -18.23 112.4 13.21
2016 5 1 22 122 5966 723.87 -26.72 -27.02 77.2 100.1 2.65 214.5 56.8 137.9 110.4 110.4 -999 144.3 205.2 .28 -27.88 2.584 -999 -999 -999 -999 -999 -999 -999 -999 -999 -999 -999 4.06 -1.75 -999 -999 -999 -999 -999 -21.85 109.7 13.15
2016 5 1 23 122 5966 723.97 -28.21 -28.83 83.6 110 3.24 222.6 50.9 71.4 56.1 56.1 -999 141.7 196.1 .3 -30.65 2.583 -999 -999 -999 -999 -999 -999 -999 -999 -999 -999 -999 .08 -1.71 -999 -999 -999 -999 -999 -24.75 109.6 13.09
